 0.2157  0.2977  0.3317 -0.2767  0.2946 -0.2969 -0.2870  0.2626
         -0.2194  0.2354 -0.1827 -0.3022  0.2466 -0.2124  0.1359  0.2942
         -0.1268 -0.1187 -0.2822 -0.2751 -0.3292 -0.2503  0.2459 -0.3344
         -0.2560  0.2423  0.0751 -0.1839 -0.2389 -0.3335  0.3198 -0.2468
         -0.2307 -0.1842 -0.1838 -0.1709 -0.2794  0.2381  0.2900  0.1830
          0.3206 -0.2495  0.0654 -0.1157  0.2705 -0.1888  0.1012  0.2262
          0.2772  0.2184  0.2260 -0.2503 -0.0835  0.2443 -0.2941 -0.2971
          0.0698 -0.2286  0.2425 -0.0955 -0.2589  0.2929 -0.1099  0.2806
         -0.3127  0.1343  0.3089 -0.1984 -0.2137  0.2792 -0.2461  0.2471
          0.2241  0.1407  0.3845 -0.1185  0.0937 -0.2643  0.3512 -0.2523
         -0.3342 -0.1840  0.1387  0.2357 -0.2472 -0.2866  0.3299 -0.2311
         -0.2272  0.3336  0.1376  0.2239  0.2324  0.2871 -0.2798 -0.0854
          0.1161 -0.1983  0.2452  0.3183  0.1777 -0.0361 -0.3118 -0.1007
         -0.1421  0.3357  0.3086 -0.3143 -0.2258  0.2049 -0.1239 -0.2396
          0.3538  0.1601 -0.2503 -0.2969 -0.3763 -0.2088  0.2407 -0.3329
         -0.2976  0.1108  0.1741 -0.4002 -0.3338  0.2747  0.3675 -0.2169
         -0.2285  0.2220  0.1350  0.0928 -0.2663 -0.2348 -0.3431 -0.1061
          0.2351  0.2728 -0.0089  0.2206 -0.3780 -0.2939 -0.2064 -0.3309
          0.3495 -0.3292 -0.2415  0.1392  0.2620 -0.1892 -0.3026 -0.2565
          0.2605 -0.3194  0.2062 -0.2457 -0.2884  0.3054 -0.2795 -0.1295
         -0.2999 -0.3496  0.3427 -0.3287 -0.1729 -0.3431 -0.2360 -0.3230
          0.0359  0.3647 -0.3239  0.1335  0.2213 -0.3169 -0.2882 -0.3256
          0.3001  0.2673 -0.3181 -0.2911  0.3778 -0.1642  0.3403 -0.1841
          0.3104  0.2526 -0.2643 -0.2859 -0.2426 -0.1967  0.3670 -0.3268
         -0.2051 -0.3559  0.3075 -0.2489 -0.1429 -0.2108  0.3240  0.2459
         -0.2795  0.2834 -0.3528  0.2501  0.3272 -0.2452  0.2406 -0.3583
         -0.3089  0.4200 -0.2039 -0.2438  0.3747  0.2017  0.2087  0.4181
          0.3407  0.3290  0.4068  0.2269  0.3297 -0.3180 -0.3792  0.2947
          0.3444  0.3799 -0.2688 -0.2659  0.3302 -0.3353 -0.1961  0.2041
         -0.3358 -0.3289  0.2940  0.3359 -0.2212  0.3792  0.3645 -0.2723
         -0.3271 -0.3600  0.3345  0.2641  0.2889  0.2010 -0.3590  0.3994
          0.0380 -0.2497  0.3686  0.2055 -0.2670 -0.2822  0.2830 -0.2850
         -0.3797 -0.3234  0.2943 -0.1662 -0.0183 -0.3247 -0.2459  0.2127
         -0.1744  0.3637 -0.3784  0.3427  0.1849  0.2423 -0.1311  0.3653
          0.3687  0.2510  0.2360  0.3249  0.2888 -0.3002  0.3435  0.3390
          0.2771  0.3816  0.4141 -0.3047  0.3819  0.3195 -0.3481 -0.1477
          0.3008 -0.2822  0.2550  0.0775  0.2404  0.3698 -0.1989 -0.1622
          0.3102  0.3717  0.3444 -0.3057
        -0.2434 -0.2513 -0.3316  0.1874 -0.3074  0.2351  0.2633 -0.2565
          0.2893 -0.2010  0.2708  0.2795 -0.2837  0.2911 -0.0323 -0.2857
          0.1351  0.0818  0.2803  0.2176  0.3166  0.2229 -0.2471  0.3179
          0.2965 -0.2714 -0.0926  0.2508  0.1979  0.3145 -0.3706  0.2777
          0.2132  0.1473  0.1057  0.1447  0.3074 -0.2319 -0.2440 -0.1916
         -0.3215  0.2675 -0.0271  0.1761 -0.2863  0.2287 -0.2062 -0.1728
         -0.3029 -0.1833 -0.2995  0.2650  0.1574 -0.2833  0.3010  0.3265
         -0.1671  0.2220 -0.1899  0.0933  0.2294 -0.3005  0.1748 -0.2214
          0.2940 -0.0446 -0.3178  0.2108  0.2011 -0.2784  0.2311 -0.2089
         -0.2697 -0.1421 -0.3434  0.2314 -0.0918  0.3125 -0.3330  0.2298
          0.3422  0.2461 -0.0775 -0.1679  0.2751  0.2801 -0.2659  0.2719
          0.2840 -0.3806 -0.2114 -0.2249 -0.2409 -0.2313  0.2305  0.0075
         -0.1171  0.2649 -0.2684 -0.3107 -0.1704  0.0740  0.3304  0.0599
          0.2455 -0.3779 -0.2734  0.3228  0.2083 -0.2582  0.0760  0.1907
         -0.3663 -0.1996  0.1810  0.2816  0.3203  0.2281 -0.2807  0.2899
          0.2796 -0.1056 -0.1975  0.3785  0.3433 -0.2502 -0.3272  0.2030
          0.2068 -0.1131 -0.1882 -0.1232  0.3276  0.2648  0.2715  0.1764
         -0.2135 -0.2597  0.0891 -0.1200  0.4068  0.2751  0.2573  0.3298
         -0.3532  0.2954  0.1742 -0.1455 -0.2253  0.1942  0.2600  0.2934
         -0.2085  0.3164 -0.2121  0.3293  0.2629 -0.2331  0.1966  0.2087
          0.3024  0.2802 -0.3276  0.2617  0.1669  0.3001  0.1558  0.3141
         -0.0590 -0.3607  0.3509 -0.0385 -0.2631  0.3737  0.2810  0.3091
         -0.2818 -0.3102  0.2740  0.2159 -0.3667  0.2511 -0.2944  0.2682
         -0.3446 -0.2648  0.2964  0.3170  0.2928  0.1038 -0.3545  0.3279
          0.1230  0.3431 -0.3325  0.2358  0.1585  0.2371 -0.2659 -0.2879
          0.2039 -0.2928  0.3638 -0.1840 -0.3814  0.2944 -0.1714  0.3619
          0.3232 -0.4027  0.1822  0.2933 -0.3617 -0.2662 -0.2834 -0.4180
         -0.3873 -0.3634 -0.4042 -0.1241 -0.3693  0.3241  0.3634 -0.2698
         -0.3590 -0.3430  0.2170  0.3651 -0.3775  0.2873  0.1080 -0.2595
          0.2634  0.3482 -0.3363 -0.3160  0.2699 -0.3431 -0.3381  0.2275
          0.2916  0.3407 -0.3501 -0.3078 -0.3035 -0.2889  0.3071 -0.3839
         -0.0634  0.1940 -0.3649 -0.2130  0.3242  0.2039 -0.1960  0.2691
          0.3512  0.3181 -0.3238  0.2352 -0.0536  0.3084  0.1516 -0.3154
          0.2284 -0.4327  0.3811 -0.3004 -0.0960 -0.3368  0.0538 -0.3464
         -0.3079 -0.2431 -0.2093 -0.3618 -0.2090  0.3083 -0.3814 -0.2914
         -0.2587 -0.4078 -0.3822  0.2663 -0.3411 -0.3215  0.3404  0.1280
         -0.3587  0.2506 -0.1602 -0.1593 -0.2507 -0.4036  0.2541  0.0983
         -0.3245 -0.3926 -0.3865  0.3731

-0.0414 -0.0472