0.03777346
 
-0.01199988
0.06687603
-0.00633774
0.02770719
0.0328248
-0.02342912
0.04955361
0.03878696
0.01452939
-0.00789161
0.0061929
-0.02418335
0.07138661
0.00722575
-0.00501258
0.01433321
-0.00947692
-0.03299955
-0.03700991
0.03428353
0.07271071
0.04902662
0.04275183
0.03413983
-0.06171987
0.01143936
-0.00891912
0.03025774
-0.01539363
-0.01423768
0.00171301
-0.00831603
0.0019913
-0.02646985
-0.01091618
-0.00264566
0.01447443
0.05312036
-0.01860927
0.02714327
-0.07546779
-0.02332155
-0.05111276
0.03133401
-0.01853709
-0.03826156
-0.03178011
-0.02697161
0.06203671
0.02362848
-0.04148002
0.06904749
0.01067997
0.02292198
0.05207423
-0.03793986
0.00152473
0.01509158
0.03620805
0.02056408
0.00357151
0.03453033
0.00762515
-0.02821189
0.01590352
0.05616038
-0.04571684
-0.09060051
-0.00137996
0.0627175
0.00253946
-0.02988634
-0.00438388
0.06108696
-0.04928737
0.00706174
0.01714383
0.05652298
-0.00548832
0.02361038
0.02405962
-0.00320546
0.00385964
0.01009395
0.08534041
-0.06089669
0.02379747
-0.02658525
-0.02336503
-0.0202341
-0.02041584
0.04319859
-0.01678974
0.01786549
-0.03389738
0.03750752
-0.05458264
0.032288
0.02883328
0.04447885
-0.01902617
0.03934325
0.02193341
0.01118573
-0.05510776
0.00553381
0.02838519
-0.05742351
0.00499783
-0.02598556
0.01644184
0.07532959
-0.04929014
-0.04726759
0.05903097
0.05207812
0.01591865
0.04577725
-0.04183492
-0.05725316
0.02552492
0.059934
0.01974578
0.01616654
-0.01288317
-0.0347109
0.06922974
0.05982006
-0.09646343
-0.02802125
-0.02164096
0.03721793
0.04577222
-0.02561113
-0.0317347
0.00110044
-0.01399111
0.00484526
-0.04301554
-0.02152593
-0.01444272
0.02246279
0.04789566
-0.00749606
0.01555189
-0.02160337
-0.02832508
0.02231638
-0.03862262
0.017459
-0.03465397
-0.00783445
0.05656885
0.0123407
0.01976404
-0.02685024
-0.03074222
0.01511692
0.03373478
0.03649421
0.05392043
0.05079687
0.0816574
0.01318539
0.05342951
0.07678185
0.02905411
-0.01809815
0.02514218
-0.04633933
-0.03314983
-0.04941653
-0.02369054
0.01959456
0.01634932
0.0015773
-0.02896915
0.06135922
-0.02176545
0.02757352
0.04632279
-0.00470773
0.03849032
0.04063683
0.01706967
0.07893958
-0.00487865
0.01342933
-0.0296214
0.06643581
0.01993133
0.05450704
-0.05764541
0.05254946
0.01724731
-0.06036507
0.00124949
-0.09252514
-0.02197114
-0.00542506
-0.03432451
-0.03265276
-0.00026707
0.0400149
0.06295668
0.04155278
-0.00727167
0.00033912
0.00784501
-0.00433547
0.03659208
0.01836219
0.00055546
-0.00828169
-0.03042343
0.03739793
0.01991845
0.05599735
0.06972285
-0.02799594
-0.00268751
0.04242346
-0.01159105
-0.02952642
-0.01267426
0.06824277
0.011204
0.03696399
-0.00502365
0.01779438
-0.02570147
-0.03231152
-0.03458177
-0.00858066
-0.02608941
0.01613935
-0.01540255
0.05232476
0.10939844
-0.00751558
0.04629241
-0.02164851
0.01860992
-0.05455697
-0.06360335
-0.00508947
-0.04347575
0.05909877
-0.05629507
0.00126948
-0.04024186
-0.01256653
-0.03383088
-0.00359838
0.02450555
-0.02475473
-0.00211978
0.09163285
0.02946605
0.03312245
0.06572334
0.02615601
-0.02421757
0.00692472
0.00339424
0.04122063
0.01949442
-0.00123593
-0.02384804
0.04956735
0.03482841
0.01146966
-0.01397421
0.03123782
-0.03867353
0.02311525
-0.04121515
-0.0024265
0.02059143
-0.0173743
-0.00341249
0.03994779
-0.05517518
0.04733793
-0.01051401
-0.00133659
0.00426583
-0.01048014
0.03193194
0.05937237
-0.08556543
0.02245011
0.04045542
0.01010324
-0.01718144
0.06210541
0.02410775
0.05095192
-0.05111467
0.02147814
0.07071723
0.01271939
0.04585752
-0.00969785
-0.03763245
-0.00867725
0.01573781
-0.01303482
0.00864497
0.05171805
-0.00508777
0.01371746
0.04129342
-0.00338291
-0.02047523
0.05425014
-0.00297859
0.05390682
0.05648369
0.01215931
-0.03508569
0.00124319
-0.03322279
0.01163382
0.03746571
0.03890011
0.03719007
0.04970352
-0.00589534
-0.03820686
-0.0277693
0.01246951
0.04377709
0.04141657
0.04240892
-0.01827124
0.01649775
0.07047732
0.00880163
-0.01571992
0.02167592
-0.01939273
0.00816161
0.0364662
0.03801521
-0.02977861
-0.04186656
-0.02594729
-0.02652331
0.01958019
0.04751721
-0.00202298
0.06480391
0.01200186
0.05305189
0.0390349
0.02233445
0.02104164
0.02849275
-0.01102017
0.00401069
0.00277104
0.01410522
-0.01667644
-0.02434044
0.05611802
-0.04659775
0.06588018
-0.01117206
-0.0116719
-0.02934656
0.04578528
-0.06087418
0.02301198
-0.01007137
-0.02675466
-0.02293505
-0.02584675
-0.09849437
-0.05613765
0.00584645
-0.04111627
-0.01926768
0.01034329
0.04564537
0.00882238
0.10004626
-0.02408012
0.01807415
0.02779993
0.01160377
0.00943639
-0.04510202
0.06582475
-0.01574102
0.01307195
-0.05810982
0.01813068
-0.01138226
-0.02237139
0.02051018
0.03262655
0.03220161
-0.02036688
-0.02776418
0.02408673
0.00028507
0.04842145
-0.01881024
-0.00437605
-0.01524012
0.01496119
0.01581698
-0.00104141
0.03172833
0.02388947
0.02055399
0.05963552
-0.01880741
-0.04503632
-0.00458109
0.03744214
-0.07599521
0.02261759
0.03278448
-0.03086892
0.01223581
0.01650001
0.00090168
0.03838099
0.06839425
-0.00092255
0.0018649
0.02779559
-0.10015878
-0.00117416
0.01735992
0.00788437
-0.00766226
0.03926212
0.00315006
-0.0161151
-0.04383971
-0.04538567
-0.01621943
0.02356734
-0.00388132
0.00282814
-0.02375614
-0.00882163
-0.06145415
-0.04835378
-0.0059556
0.02419447
-0.0371079
-0.00396584
0.04053694
-0.04370722
-0.04259027
-0.00220824
0.05289347
-0.05975818
-0.01268965
-0.00489416
0.04231118
-0.01767403
0.06322391
0.02652618
0.06520463
0.00026965
-0.00272903
-0.02301817
-0.00404663
0.0636278
0.04071908
-0.04544776
-0.05061888
0.04242705
-0.05491207
0.02722964
-0.02580396
-0.00364445
-0.01822347
-0.00959747
0.05922138
0.07197761
-0.05780655
0.00605762
0.01292147
-0.04237835
-0.00731944
-0.04406611
0.05245126
-0.0085396
-0.01600375
0.0090783
0.04376389
-0.03376002
0.00232364
0.01397766
0.05559741
-0.02125932
0.03068943
-0.0741341
-0.01667483
-0.016902
-0.01917394
0.04294639
0.0448538
0.00576187
-0.01393367
-0.00401425
0.05426093
-0.01996548
0.03902319
0.01484299
0.02677312
-0.02822645
0.01127338
-0.03302857
0.02468961
-0.00393274
-0.02963114
0.01667388
-0.0159261
0.03995116
-0.00745459
0.00041267
0.01563349
0.0311115
-0.05021681
0.01243532
0.03704563
-0.00533685
-0.03185451
0.00755379
0.03399252
-0.04592989
0.04002538
0.06619801
-0.00893009
0.01278762
-0.03770446
-0.02905815
-0.00117098
-0.03613681
-0.04007399
-0.01020693
0.04073745
-0.02128832
-0.02355954
0.019234
-0.00131762
0.04611921
-0.02721248
-0.00848531
-0.03939067
-0.02246681
-0.00757575
-0.06302209
0.0112549
0.0048953
0.06457147
-0.01234284
-0.01867486
0.0468827
0.02251836
-0.0492098
0.00772609
-0.01087115
-0.02067854
-0.01810807
0.03129559
0.0580118
0.02824173
-0.04364399
-0.066563
-0.00612322
-0.01772409
0.07772253
-0.02110037
0.02430851
-0.03233201
0.00014086
-0.02167284
0.00094881
0.0859784
0.01408793
-0.04691345
0.01501652
-0.01317002
0.03988213
0.07120518
0.02899153
-0.05642933
-0.01185098
0.03922395
0.04207715
1.7953378e-05
0.02315362
0.00736718
-0.03813952
-0.02263588
0.00312904
0.03969805
-0.0180456
-0.07204946
-0.00943884
-0.00374294
-0.04222079
-0.04423343
0.03744261
-0.00658622
-0.00767814
0.02102698
-0.0047615
-0.0224623
0.04580273
0.04320178
-0.03961556
0.02565045
-0.01833872
0.07744637
-0.01977082
-0.01062708
0.04651408
-0.00672342
0.06585026
0.02551188
-0.00513573
0.00252824
0.07616711
-0.06156381
0.02555652
0.02039914
0.00637818
0.02221734
0.02752657
0.08312973
0.06955638
0.03075177
0.05547364
-0.03629807
0.04792063
0.00846548
0.05366316
0.05595163
0.00254828
-0.03644535
0.03721524
-0.06600227
0.00326409
0.00486982
0.03056281
-0.04583582
4.652916e-05
0.0007176
0.02224108
-0.0112169
0.04811906
-0.02546914
0.04992112
0.01377185
-0.050898
0.01648891
-0.00162909
-0.00261862
-0.03247418
0.04562422
0.05665166
-0.02070273
0.0025101
0.08094396
0.03616792
0.00527939
-0.03085737
0.05139155
-0.00271705
0.0071087
-0.05992892
-0.00410315
0.00638093
0.05079876
0.01607306
0.00435625
-0.0564004
-0.0032268
-0.06749487
-0.04828147
-0.03477279
0.05445972
0.028749
0.03454202
-0.03842185
-0.05203358
0.06555811
0.03509624
0.03220252
0.00832518
0.04787359
-0.00411016
0.03403106
0.03915252
0.00022299
-0.05966523
0.0303267
0.00044506
0.02972709
-0.03152361
-0.01396015
-0.01952579
0.00507475
-0.01151102
-0.01682198
-0.00241305
0.02880604
-0.04287038
0.01073038
0.02726928
-0.06130956
-0.01238052
0.06337477
0.04209971
0.07765866
0.04030323
-0.02491819
0.07433359
0.04568891
-0.02146202
0.05414087
0.04609269
0.02032483
0.01870125
-0.02535904
0.01030082
0.01205172
-0.01825827
-0.00416743
0.0613877
-0.00431109
0.03659966
0.05106118
0.01153233
0.04093244
0.01505131
0.03655361
0.003945
-0.01270684
0.00706196
0.02907126
-0.05029591
-0.00649372
0.02039875
-0.02926081
-0.01660613
-0.00529233
-0.01419555
-0.03981277
-0.01272521
0.03399719
-0.00319061
0.0616683
0.00532261
0.01724715
0.001645
-0.00154881
0.03495845
-0.07061286
0.02650859
0.03588179
0.0538242
-0.06929918
0.03381748
0.02399361
-0.01202193
-0.02562283
0.0147234
-0.07135811
-0.02475687
-0.07608695
-0.02271836
-0.03918687
0.06125672
0.0447123
0.00418942
-0.0183998
0.02168968
0.02070082
0.03831032
-0.00787573
-0.01573573
0.00026773
-0.03167786
-0.00457608
-0.03467787
0.01443673
-0.0855289
-0.02852678
-0.02784843
-0.05180049
0.049097
-0.02590631
0.00617829
0.05038656
-0.00552502
-0.00446892
-0.0502231
-0.01597647
0.03863518
-0.06250126
-0.0435398
0.03376898
0.08951184
0.04417613
0.04433868
0.01823498
0.00874085
0.02511065
0.0377012
0.03887683
0.02148454
0.04191997
0.01747025
0.03836241
0.03886359
0.03608913
-0.04020848
0.04548195
-0.01962027
0.07369792
-0.04752753
-0.00892962
0.03825317
-0.04538174
0.06633274
0.05649132
-0.0128509
-0.01991061
0.01959776
-0.05551307
-0.02913145
-0.03601079
0.04089078
0.01151961
-0.06299783
-0.0092319
-0.05642704
-0.02895776
0.00448984
0.00197138
0.06033465
-0.06068495
-0.0162931
0.01216203
-0.00239677
-0.02027192
0.04659531
0.02910932
0.02045
0.0660951
0.03042731
-0.00310611
0.04125322
0.03616778
-0.00778507
-0.04742239
0.00351496
-0.04018055
0.04066071
-0.03007785
-0.00055426
-0.02150876
-0.00368779
0.09115677
0.00155722
-0.04043029
0.01945268
0.02496871
0.08135921
0.00879273
0.04418741
-0.01485694
-0.03971593
-0.0286204
-0.02749434
0.04250963
0.00494991
-0.07703745
-0.07266129
0.01418064
-0.07395778
0.01940741
0.05171696
0.04032783
-0.00377936
0.00077692
-0.06072027
0.0326644
0.04566356
0.01061468
0.00050634
-0.00918938
0.00212855
0.10729446
-0.00474792
0.00405885
-0.06070999
0.03392624
0.03892028
-0.0368364
-0.01583758
-0.00653352
0.02460565
0.02220455
0.00869822
-0.02728861
-0.03803809
0.02127803
-0.00870036
-0.00690924
-0.03941482
0.06389459
-0.00563101
0.00096668
0.02686997
0.0025868
-0.03216671
-0.02640558
0.05416532
0.01910513
0.03704827
0.06642787
0.0203264
-0.02686938
0.00066733
-0.03197479
0.00100988
-0.00453958
-0.04514865
0.02404171
-0.04480442
-0.00625027
0.00319351
0.10386714
-0.04783985
-0.05587492
-0.00635722
0.03252615
-0.04137645
-0.03079836
-0.01451221
-0.01205241
0.00118724
0.00257459
0.01779499
0.03505201
0.10043445
0.02649397
0.00308302
-0.03342383
0.02748916
-0.02203703
-0.00787291
-0.05587509
0.08708489
0.00340093
0.00488057
-0.02305196
-0.05818061
0.0301307
4.163009e-05
-0.02350541
-0.04605096
0.07383079
0.01927939
0.01546963
0.04887956
0.04159908
-0.00265862
0.03802728
0.01737598
0.02988683
0.04648392
-0.02013966
0.03667498
0.00155018
0.01872748
0.01411107
-0.03604581
-0.034636
-0.02967324
0.0302612
0.03483412
0.0236549
0.0650545
0.03427423
0.02030228
0.03092443
0.01943629
0.05722935
0.02206625
-0.02370228
-0.07633012
0.02057301
0.03406913
0.00721387
-0.00422372
0.04750091
-0.01896955
-0.04559664
0.00375953
-0.04186145
0.0159726
-0.01293784
0.00373005
0.0044451
0.05649534
-0.06802525
-0.01187839
0.0110596
-0.01242037
0.01875617
-0.03107074
-0.0023828
0.02531026
0.02055652
-0.02046547
0.0347762
-0.07066665
0.03224423
0.0568708
0.05071922
0.02993303
-0.04591995
0.02109837
0.03911665
0.04861493
0.04684358
0.05393326
0.00539762
-0.03253333
-0.01273288
0.02733609
0.03360781
-0.02642792
0.04871071
-0.04886964
-0.01639055
-0.0391401
0.01396832
-0.02003192
-0.00969639
-0.01041291
0.0619776
0.0485818
0.00946458
0.00946161
-0.00350769
-0.01308965
-0.00470178
-0.01302626
-0.02666959
-0.00255827
0.0134999
0.01508318
-0.02323672
0.04876378
-0.0449904
-0.06402198
-0.02146814
-0.02315173
-0.03587057
0.06664953
-0.01086282
-0.01390583
0.0680804
0.02815884
-0.01909477
-0.0672977
0.01668401
-0.0531696
-0.0189873
-0.01515682
-0.05199589
-0.01639947
0.04233368
-0.05587832
-0.00796019
-0.01294968
-0.01392634
0.01166134
-0.01490429
0.00957949
-0.02065673
-0.01831907
-0.03865465
-0.00947988
0.04759975
-0.02480358
-0.08616734
-0.03736762
0.01829861
-0.0654721
0.00774678
0.01555415
-0.02178914
0.04055391
0.03587469
0.03818334
-0.04086669
-0.02930604
0.02789269
0.03086586
-0.01949166
-0.00858257
1.5045657e-05
-0.03385132
0.02801279
0.01785647
-0.07167976
0.02247584
0.06224266
-0.01894484
-0.01671158
-0.03356893
0.06202956
-0.01753212
-0.04611735
-0.05349788
0.08734868
0.01303385
-0.02716313
0.00968559
0.05624781
0.04249875
0.01446292
-0.02737796
0.01900686
-0.02037706
0.01055846
0.0317581
-0.00115089
-0.02631832
0.02314008
-0.08667412
-0.02204889
0.06337412
0.0001355
-0.04062486
0.00134868
-0.01690182
0.04391704
0.08943751
0.01983076
-0.0222538
-0.07352193
0.05367728
-0.02352773
0.01865053
-0.02976443
0.00874659
-0.006027
-0.02823245
0.05734388
0.00431236
-0.00986834
-0.02342633
0.02132709
0.01492317
-0.01715828
-0.01298895
0.0088389
-0.03599195
0.02303102
-0.03238509
0.10256194
-0.04174238
0.00064069
0.03031675
-0.02606749
-0.0399417
-0.07396443
0.04717867
-0.01358548
-0.07747693
0.03351707
-0.04255489
-0.04044852
0.0366035
-0.06650783
0.02801975
-0.07660462
0.0602163
0.02327907
0.05894192
0.02069476
0.00998826
0.04238508
0.00324939
-0.03813653
-0.04155421
0.01567027
-0.00959622
0.02831364
-0.04216946
-0.05023682
-0.04881727
-0.00206382
-0.03029825
0.05109896
0.05682383
-0.04717136
0.03552351
0.04057862
-0.03907156
-0.02887996
-0.00031189
-0.02833654
0.00178858
-0.04950787
0.06597388
0.06681153
-0.02611429
-0.01746086
0.04736217
0.00960788
-0.02321651
0.02166584
-0.06910379
0.06750696
0.00533352
-0.03695231
0.03931282
0.01150934
0.02179651
-0.02170135
0.00175295
0.03673989
-0.08394842
0.00683363
0.01386739
-0.00795267
-0.05761347
-0.01536443
0.0726485
-0.0311058
0.03480162
0.03431649
0.01069962
0.00297625
-0.04854573
-0.02300257
-0.04360338
-0.0008335
-0.02047006
0.0318233
0.06827122
0.02651434
-0.02363887
0.01926944
-0.02204523
0.02376352
-0.03111047
0.06403046
-0.03025112
0.01078473
-0.04890525
0.03861018
-0.00061085
0.00726769
-0.01415745
0.02612513
0.04039069
0.03160299
0.04888136
0.01348411
-0.03049826
-0.03354536
-0.01846076
-0.08396468
-0.03734298
0.00436422
-0.00771532
0.0253655
-0.01794594
-0.01006887
-0.00430749
0.03975479
-0.00602965
-0.05835051
-0.03565707
0.03261773
-0.05551865
0.07390993
-0.0395547
-0.02766975
0.07462034
0.0188797
-0.02834594
-0.03587064
-0.06646329
0.10394209
0.0542124
0.03150092
0.02617919
-0.03601842
-0.01209767
-0.01378711
0.0543522
-0.0228168
0.05306042
0.04658686
0.06308147
-0.01741582
-0.02738441
0.04366292
0.00396906
0.01016704
-0.12773336
-0.0367754
-0.03249586
-0.01592958
0.01334969
0.00066298
-0.00335495
0.00275942
0.05076473
-0.02344411
-0.04677182
-0.03768885
-0.00780121
-0.01612357
-0.05922343
0.01890855
-0.05409937
0.03877008
-0.00463507
0.02691775
-0.03673668
-0.05000876
-0.01157155
0.04468735
0.03747254
-0.0321319
0.02499252
0.10439855
-0.03562494
0.05961347
-0.03828783
-0.00337306
-0.10249439
-0.01743804
0.05586474
-0.01674448
0.03008515
-0.07749162
0.0610855
-0.04818356
-0.08222267
0.03080823
-0.03329302
0.04971965
-0.02625887
0.0472874
-0.02579042
0.00477306
-0.00280587
0.06335552
0.07209935
-0.09998075
0.03704733
0.06270015
0.01066081
-0.01422172
0.04346927
-0.00067687
0.03153803
0.02653898
-0.0035231
0.002624
-0.00317387
0.06331344
0.04231066
-0.02253819
-0.07663294
-0.01140346
-0.0492889
0.02477104
-0.02456333
0.03484818
0.00239272
-0.02127426
0.0322645
0.04179697
-0.03686522
-0.07522566
-0.05976843
0.0053328
-0.0362534
0.03295756
-0.03405844
-0.0383008
0.09118343
-0.0944123
-0.02918212
-0.03343164
0.02130826
-0.03191004
0.06436756
-0.00409071
-0.02997009
-0.00981747
0.0036417
-0.00823143
-0.0158331
-0.00051188
-0.02717551
0.02015456
-0.01775631
0.0391189
-0.00755826
0.01932643
-0.01185499
0.05417503
0.02945213
-0.08929609
0.01675752
-0.04557973
-0.03875946
0.01036476
0.03421504
0.0681048
-0.04232159
-0.0028369
0.02869836
0.00630718
0.01538008
0.02353617
-0.02934361
-0.02331956
-0.09698403
0.01148713
-0.04560199
0.00553826
0.00328196
0.05062459
-0.01714775
-0.05272949
0.03883807
-0.0207641
0.04593335
-0.03050417
0.03638416
-0.08995782
-0.00860114
0.00625077
-0.00734227
-0.00033822
0.00347512
0.09225723
-0.00020726
0.02202795
0.02569705
-0.00611493
0.02859149
0.01671877
0.03152307
0.02167065
-0.01505786
-0.02169313
0.04757093
0.06250119
-0.02658194
0.01352341
0.0195516
0.03628604
-0.06073494
-0.01200243
0.02899517
-0.04486088
-0.12668708
0.01564276
0.03524885
-0.06785843
0.04435266
-0.02224714
-0.08714854
-0.04054059
-0.05581495
0.02869829
-0.03592706
0.07142299
-0.02734137
0.02585092
0.04920049
0.02229401
0.00656526
-0.04069616
-0.00013345
0.00143895
-0.00606484
0.04960993
0.04251371
-0.00332635
0.03220675
-0.01676828
0.00960228
-0.02045372
0.00734733
0.03239144
-0.02802852
-0.02656156
0.02610184
-0.08703361
-0.01802513
-0.00491252
0.00986622
-0.00664986
0.00684648
0.02368014
-0.09175193
0.03474455
0.00464626
-0.02313127
0.00600447
0.00792465
-0.08648425
0.01585691
-0.02946491
0.05252521
0.01451864
0.04025012
0.08318985
-0.00649959
-0.01297713
0.07631159
0.02179432
0.01672324
-0.0042658
-0.055084
0.07295866
0.03676408
0.01771845
0.0027488
0.06329899
0.01504501
-0.05501147
-0.02925006
0.05977129
-0.00325644
0.02649424
0.02924681
0.04915764
0.01401173
-0.00106029
-0.02532522
-0.02839858
0.04058541
0.00529648
0.03792064
0.00631019
0.05022625
-0.01846225
0.07057616
0.05783921
0.02993268
0.01798847
0.05111079
0.04566573
0.01406277
-0.03225517
0.02402878
-0.00136413
-0.01783787
-0.03254563
-0.07616896
0.00153158
0.01778908
-0.00744964
0.03071869
0.03156367
-0.05873201
-0.00100648
0.06105483
-0.06395755
0.09221127
-0.01291126
0.05743578
0.03678552
0.04746488
-0.01123583
-0.00213261
0.01286548
-0.03692839
-0.06107965
-0.06707995
0.0545068
0.00946092
0.06631872
-0.02067231
-0.02478854
0.03252501
-0.06685552
0.04433882
0.00702258
0.0231704
0.03587918
0.01323582
0.01456845
0.06005169
-0.03307899
-0.02363723
0.04488525
-0.02452678
-0.02306928
-0.04394699
-0.02762963
0.0620063
0.07471753
0.04428698
0.02148167
-0.0567014
0.01713093
-0.0258853
0.00659496
0.01489335
0.0297961
0.0422841
0.08219842
0.02192023
0.10304349
0.05910973
-0.01952087
-0.08183315
0.01023189
0.05893083
0.00361279
-0.07842728
0.0715686
0.00732297
0.02582636
-0.03247454
-0.04927583
-0.10021905
-0.0449806
-0.02886616
0.05592053
-0.02056948
0.05723519
0.02099064
-0.03086184
0.06661208
-0.02926192
-0.04697686
-0.00877512
-0.04898337
0.0440314
0.0580187
0.05350548
-0.05757815
-0.00285875
0.00471629
-0.0857222
-0.0060898
-0.01304542
-0.00473601
-0.01220098
0.01268822
-0.00794055
-0.04586972
0.02879523
-0.02754754
0.04721028
-0.01898146
0.04554338
-0.02088862
-0.00485178
0.02463431
-0.03170316
-0.01507855
-0.02769063
-0.00892769
-0.00533411
0.03932419
0.00037028
-0.0442515
0.02961975
-0.01078602
0.03457762
0.00460258
0.02828307
-0.05075804
0.02733496
-0.00589885
0.10156161
0.08419263
-0.02169621
-0.00943491
-0.0307189
0.04485729
0.02108473
-0.01219247
-0.0802189
0.00651721
-0.04605566
0.01103027
-0.06025407
-0.02183558
0.0637714
-0.07839276
0.01347905
0.01902362
-0.00015266
0.00184961
0.06481973
0.01792618
0.0269131
-0.00414335
0.00480667
0.01118215
-0.00501118
0.02529803
0.0148339
0.03535613
-0.03612233
0.04057212
0.05984311
-0.01571042
0.01109037
0.07385241
0.02305443
0.02756677
0.03334014
-0.04398183
-0.0385761
-0.07034767
-0.04033901
-0.02562935
-0.0363476
-0.02267403
0.00626828
-0.00906782
-0.06400419
0.03305073
-0.0355945
-0.04760833
0.04748251
-0.0193799
-0.09246766
-0.04315033
-0.0881528
-0.00681056
-0.07892205
0.00727784
-0.05024761
0.07541337
-0.04814427
-0.07788315
-0.04174019
-0.03371894
0.04074543
-0.02913381
0.0481319
-0.09058019
-0.01866534
-0.02005144
0.04783496
-0.022036
-0.02188518
0.00928475
-0.04491888
0.01888201
-0.0687159
0.05342808
0.03771916
0.01190508
-0.02337283
0.01571573
0.07201913
-0.01527254
-0.01550079
-0.03349871
-0.03146149
0.02586907
-0.01910389
0.00097301
0.03338658
0.06003657
-0.03925871
0.01287227
0.00662408
-0.0747975
0.06313068
-0.03034663
0.03312846
-0.00527074
-0.02529212
-0.01110043
0.01505977
-0.01193506
0.04696475
-0.02483707
-0.02537717
0.0197471
0.05288544
-0.02724104
0.02809238
0.02396335
0.00282101
0.01308953
0.04130494
0.07325114
-0.01575128
0.02094187
-0.008993
0.01484703
-0.0567603
-0.07357659
-0.01230895
0.05308992
-0.05485815
-0.02923396
0.05254468
-0.03602052
0.05428319
0.05553238
0.00130313
-2.8847884e-05
0.03550424
0.01520585
-0.01997186
-0.03665958
-0.00621052
-0.01353907
0.02449431
0.04025642
0.01486325
0.04530454
0.00393865
-0.01264539
0.09557462
-0.00098436
-0.00380624
-0.0038319
0.0235578
-0.01198685
0.05419425
-0.00875556
0.04639408
0.03761707
0.00098518
0.0286083
-0.06138658
-0.01882743
0.03827819
-0.04291641
0.02888105
-0.03071354
0.05034876
0.02958024
-0.0149933
0.00651423
0.03347248
-0.00624429
0.07995977
-0.02405421
-0.00099928
-0.02958188
-0.03654757
0.02692672
0.00196975
-0.03518328
-0.03378869
0.04246992
-0.0159764
-0.01153308
0.00237074
-0.01560039
0.05210215
-0.03042153
-0.02914972
0.00379427
-0.00886949
-0.05813712
0.02688435
0.00785458
0.02299742
-0.07224629
-0.02858989
0.0180821
-0.04764523
-0.01010094
0.04312534
0.00725674
0.02316611
-0.02724442
-0.07561544
-0.00445139
0.01268711
0.02055142
0.06932065
-0.03129958
0.04835436
-0.02545425
0.02998994
-0.04463363
-0.04580555
0.0132879
-0.06511222
-0.00691825
-0.01883621
0.03680172
0.00203162
-0.05703238
0.02177529
-0.00561848
0.02720886
0.016739
0.00537331
0.04926772
0.06891427
0.02845396
0.00092056
0.01622085
-0.00137067
-0.0014263
0.02145608
-0.04850992
-0.07200172
-0.03251931
-0.02667157
0.00766022
0.01316964
0.0393617
0.02034751
-0.02341843
0.05669755
0.07244699
0.0651111
-0.01240612
-0.05884276
0.0418371
-0.01234681
-0.04172184
0.04540903
-0.005891
0.02494508
-0.009797
-0.04912474
0.02286956
-0.01774528
-0.05216688
-0.0497666
-0.01717217
0.08037302
-0.00382001
-0.03972027
-0.0654758
0.05175268
0.04333841
0.03067489
0.04013533
-0.01323614
0.00801877
0.0092418
-0.03419288
-0.01821066
0.04058054
0.01472724
0.04081861
-0.00273382
0.0530169
0.02080928
-0.04535377
-0.00876041
-0.02612897
-0.01138804
0.04181269
-0.02987321
0.02988565
0.02757179
0.00170251
0.00076749
-0.05913315
0.04831911
0.02585829
0.00873318
0.04231609
-0.05269031
-0.00392448
0.04625475
0.04778602
-0.0163279
0.00695056
0.0475686
-0.01416238
0.02412685
-0.05067552
0.01197658
-0.00838528
-0.018052
-0.00393868
0.02706804
-0.02427596
0.01282246
0.04879481
0.00776001
-0.00277048
0.05031587
0.00970655
0.00100741
0.07939398
-7.927363e-06
-0.01665111
0.05217534
0.00133441
0.07223921
0.06948968
0.00466986
-0.01032976
0.0761804
-0.01907769
-0.01666288
0.01505334
0.0068278
0.00057289
-0.07321358
0.01359801
0.02303773
-0.03306857
-0.0412287
-0.01452856
0.01559426
0.04220036
-0.02195241
-0.01813165
-0.0372709
-0.01015252
-0.01650835
-0.00114214
-0.00501848
-0.00570933
0.00618762
-0.00092632
-0.01222744
0.00991824
-0.03619961
-0.00037803
 
