-1.8186612       0.7400693       0.23060374     -2.333688       -2.0676057      -1.0262648       0.9568612      -1.9362594      -1.9258324      -2.4053257       1.981528       -2.740733       -2.5838346      -1.9329355      -2.0670257      -0.4501399       1.9463514       1.6794677      -2.7618163      -0.017656062    -2.5648818       1.1886753      -1.8553488      -2.562086        1.7611457       1.0244328       1.1981955      -3.41115         1.6823438      -1.5930883     
 -0.83746         0.43136087      1.6976217       1.0003673      -0.26184464     -1.3173159      -0.15835312     -1.9124222      -0.6783603       0.21033253     -0.81800205     -1.0786645      -0.27329755     -1.115008       -1.4261173      -1.3528911       1.3283461       1.2906044       0.9363615      -0.4217386      -1.2717488       0.9080081      -0.23971707      1.2219013      -0.34498847      0.94575894      0.97569895      1.3645476       0.7989209      -1.8223219     
 -0.7062972       0.39917365     -0.17224324      0.68672985      0.948826       -0.87724185      0.27055994      1.0853733      -0.16550079      0.776994       -0.25132626     -0.4463629       0.102610946    -0.812072        1.9461803       0.27238944      0.63849205      0.5466028      -0.6992804       1.3076608       0.3075987      -0.7857641       1.8929493      -0.29833153      1.1191108       0.7368554       0.6711288      -0.7623586       0.42218938      0.8448893     
 -0.6057327       0.5397611       1.0478195      -1.2990583       0.1527228      -0.67867273     -0.17030156     -0.023759305     0.058411404    -1.074868        1.3529233       0.24279624      1.6848954      -1.1036274      -1.2366011       0.41043994      0.46162897      0.8829595       0.3326232       0.4534307       0.0881727       0.016984956    -0.024983592    -0.5450371      -0.42454287     -0.82760435      0.180885        0.63377094      0.0005083915   -0.72310287    
  0.5289486       0.70757717     -0.2887034       0.7549545      -0.2500589      -0.51668423      1.0155977       0.5017721       0.4878243       0.072711565    -0.8209894      -1.3590553      -1.0099491       0.24040496      0.25920245      0.09793028     -0.009550244     0.21005772      0.30871615      0.091991425     0.650253        0.38445047     -0.043361507     0.6490182       0.6953318      -0.085203856     0.7172421      -0.07222223      0.19099638      0.59254795    
  0.114503145     0.4587794      -0.033524707     0.3961214       0.16490732     -0.5162659      -0.08087606      0.21739042      0.48444253     -0.3785213       0.47148165      0.31999144      0.61564344      0.46302772      0.19802898      0.70137256      0.3172368       0.66608185     -0.26720363     -0.77668995     -0.03848487     -0.47247565      0.9650672      -0.7597641      -0.22593507     -0.42355883      0.064184204     0.90744156     -0.08012534     -0.75952023    
 -0.024689263     0.9098662       0.2645203      -0.4279626       0.7112821      -0.267925        0.9422846       1.0605973       0.12906834     -0.10194805      0.08355999     -0.5041049      -0.059810236     0.54248005     -0.56115574      0.52422065     -0.03373565     -0.038147524     0.44203627     -0.2957436      -0.6197514       0.22626656     -0.01306801      0.8084757       0.31650004     -0.38530475      0.6264139      -0.012514814    -0.48099822      1.1082282     
 -0.452799        0.6231764       0.103679046     0.57428586     -0.1316478      -0.5677125       0.2566898      -0.47212258     -0.29327786      0.8402428      -0.2880054      -0.35882577      0.6738006       0.56052077      0.25182104      0.7466628      -0.19167876      0.78972685     -0.3750495      -0.8749592       0.44055435     -0.43399873     -0.13650408     -0.5268962      -0.24033837      0.46885908     -0.04090047      0.81335855     -0.3870368      -0.23277704    
 -0.094484404     0.77574444      0.0019212015    0.034328274    -0.010744033    -0.3695116       0.12311045      0.95994014     -0.05717492     -0.48166007      0.25891235      0.0133210365   -0.25501257      0.3482829       0.033562876     0.23865607      0.5834602      -0.004210458     0.644212       -0.040019546    -0.51544654     -0.05998722      0.72471786      0.123794034     0.3331949       0.03560418      0.32570145     -0.010618593    -0.42514828      0.4467109     
 -0.32386202      0.27206296     -0.2743074      -0.31900194     -0.14595298     -0.49994794      0.10864441     -0.24421684     -0.61889744      0.058840048    -0.2763093       0.082902215    -0.30375063     -0.08849902     -0.17874111      0.5839149       0.11434759      0.37369776     -0.7354577       0.41945398      0.6263854      -0.21927314      0.4209565       0.25825617     -0.49124405      0.19760072      0.073252276     0.39871386     -0.020358516    -0.01412429    
  0.28596878      0.24293013     -0.018226389     0.504457        0.5333656      -0.23882109      0.5052073       0.41976917     -0.93709576      0.38623354      0.29488698      0.036632292    -0.07186885      0.2983204       0.010354518     0.669699       -0.028340906     0.019738756     0.47111493      0.60784125     -0.22023652     -0.26264045     -0.50115395     -0.47484985     -0.0973806       0.01604932     -0.43752846     -0.095401816    -0.71793956      0.19377671    
  0.34188473      0.04783346     -0.28992933     -0.24670735      0.15933089     -0.15106972     -0.15955327      0.27493453      0.18508956     -0.4174014      -0.2655921      -0.21673946      0.23875372      0.42257705      0.00017524936  -0.119265184     0.013668552     0.17596568     -0.2997645       0.8005983       0.18236087      0.33572626      0.74721885      0.60562676     -0.2228965      -0.47235247      0.22784804      0.37573788     -0.25093034     -0.40899742    
  0.32183823     -0.3156732      -0.66757345      0.31807828     -0.66159177     -0.1519285       0.58296996     -0.11532389     -0.47924003      0.07536416      0.057196148     0.12589568      0.0025432901   -0.38054934      0.15214624      0.46448293     -0.22761421      0.18063298      0.23355463      0.32519564     -0.046108626    -0.15056457      0.31046504     -0.43052766     -0.15950993     -0.032389134    -0.66258985      0.112801835    -0.49468458      0.5976511     
  0.05971945     -0.28513         0.16789728      0.043032154    -0.14978957     -0.06577123      0.06685651      0.348527       -0.11326271      0.4606694      -0.009128496    -0.17549463      0.21039636      0.19493891     -0.22448811     -0.21594526      0.168413        0.20942713     -0.18025924     -0.054269563    -0.022790119     0.1876298      -0.021677786     0.14255197     -0.054844357     0.06913277      0.07968738      0.069424       -0.5256378      -0.09139552    
  0.5382405      -0.41591653     -0.32998887     -0.052688103    -0.07423126     -0.06884927      0.33401465     -0.030049972     0.075003564    -0.4629603      -0.071532585    -0.06746599      0.022970818    -0.06338705      0.36995175     -0.053384554     0.31133392      0.050477408     0.08487601     -0.35673732      0.0645514       0.1358844      -0.17490166      0.11783881      0.20580292     -0.10220464     -0.21815075     -0.06399339     -0.15989383      0.00008715388 
  0.24958356     -0.29724914      0.00950105     -0.24561876      0.3940711      -0.19448072      0.29626366     -0.25536826      0.26340154      0.49128124      0.016595187     0.017723156    -0.14965715     -0.30676696     -0.22957131      0.0018296076    0.7846863       0.0016291981    0.109208606    -0.2979271      -0.11877776     -0.22042955      0.44720146     -0.07816738     -0.259043        0.008677924    -0.085312344     0.1887843      -0.16186933      0.27295783    
  0.19937731     -0.38559633     -0.15823026      0.65688854     -0.30749282     -0.1714752      -0.25844142      0.5297122       0.0019409964   -0.18728895      0.07441897      0.44153214      0.15728062     -0.011233602     0.1314214       0.10979006      0.52155274      0.093628764     0.044921603    -0.3349764      -0.07318883     -0.25660557      0.03301426      0.106591426     0.11531822      0.07980047     -0.45026842      0.0041759363   -0.24114794     -0.020677019   
  0.38659757     -0.5325568      -0.031202124    -0.05005023     -0.0097644925    0.14243154      0.43248275     -0.2818318      -0.26746386     -0.29811782     -0.1925516      -0.49695072      0.06455782     -0.046677977    -0.07010247     -0.39943248      0.51412857      0.014909282    -0.04215866      0.13103916      0.1650794       0.2969731      -0.21267371     -0.10577744      0.07018777     -0.23380397     -0.087722406     0.0011717266   -0.0690609      -0.010317007   
  0.5500673      -0.5201699       0.08762963     -0.06922236      0.34445536     -0.0073398594   -0.051321033     0.13979705     -0.15870628      0.41357806      0.07950524      0.18640028      0.092059724     0.26755846     -0.07449164      0.3611346       0.18932632      0.1428219       0.012110645     0.28724375     -0.13983545      0.053523164     0.25150767      0.0599641      -0.12043618      0.16658054     -0.14281315      0.012252819    -0.2920901       0.038160194   
 -0.12504306     -0.44408703     -0.12463745      0.16343856     -0.51223963      0.17443877     -0.13499162      0.121741354     0.004230137    -0.12620224     -0.034836523    -0.20303732      0.040000644     0.045158185    -0.11980008     -0.17602447      0.078770675     0.16391893     -0.053116716     0.27183327      0.1316047       0.28247154      0.29637668     -0.10633308      0.19414489     -0.065182224    -0.029326504     0.094887964    -0.10977012      0.11513984    
 -0.46340844      0.17785345     -0.6418095      -0.048941486    -0.907326        0.18609813      0.19382922     -0.116605476    -0.42434287     -0.35857838     -0.4321712      -0.12472635      0.09897831      0.03313375     -0.062130116    -0.18945752     -0.24677974     -0.041093227    -0.4214883      -0.20658185      0.019248648     0.17727856      0.39775613      0.31257698     -0.42195806     -0.3569833      -0.31557357      0.30224708     -0.06335696     -0.111429416   
  0.29429483      0.3193227      -0.16897641      0.3693599      -0.23213445     -0.12853357     -0.18150139     -0.27892035     -0.42326936     -0.5077621       0.4145049      -0.4171655      -0.10274943     -0.4019814       0.10921353      0.20450167     -0.23971756      0.19796376      0.15542994      0.15798502      0.22916721     -0.38845214     -0.24080916      0.007985349    -0.044000175    -0.20440616     -0.38628644      0.40172604     -0.036011156    -0.1503686     
 -0.2873955      -0.0057236888   -0.22866867      0.06893574      0.11648344      0.15343605      0.273123       -0.005998898     0.114708886     0.38324806     -0.21123998     -0.39050335     -0.075844094     0.028499905     0.32098395      0.09948679     -0.43208918     -0.024249034    -0.14883356     -0.24915041      0.015204       -0.082756616     0.43725154     -0.15962353     -0.42602023      0.121712714    -0.30276588     -0.32709375      0.021286508    -0.082412966   
 -0.016965011    -0.4217128      -0.02678673     -0.19491932      0.019739084    -0.08907823     -0.2030862       0.455613        0.5030824       0.098614775    -0.2002306      -0.1048208       0.22963147     -0.08171353     -0.10989919     -0.031869326     0.25008228      0.1896991       0.15898764      0.12871331      0.22119218     -0.030792467     0.07548532     -0.026582485     0.33827528      0.40656468      0.0164515       0.09985992      0.13607016      0.17858024    
  0.3553973      -0.20405114      0.024564156     0.192761       -0.33228964      0.04714078      0.03677825     -0.103990346     0.068393506    -0.07333962      0.28294873     -0.05207344     -0.07005933     -0.09922852      0.10626345     -0.026223414     0.30160215      0.096765324     0.072867125    -0.0941226       0.047624227     0.2998902      -0.1636331      -0.09589901      0.18796192      0.17303406     -0.00795764     -0.03731084      0.22678313     -0.042268824   
  0.26048148     -0.08080587      0.18436533     -0.08863042     -0.18655938     -0.3486455       0.1193312       0.013784057     0.16802801      0.084520064     0.033599313    -0.08680705      0.23503178     -0.037047505    -0.14323968      0.293493        0.34231004      0.17436929     -0.30972898      0.14959596     -0.12515174      0.20457456      0.3013024       0.34707293      0.3258671       0.18007714      0.20590016      0.10289701      0.44596183      0.14021279    
 -0.026167715    -0.099884875     0.06984038     -0.05390065      0.2783053       0.03126907      0.4162736       0.1805044      -0.21809253     -0.13674915      0.10460362     -0.21445057     -0.088605985    -0.115124956    -0.053612165     0.023496844     0.0013349918    0.15236016      0.059683453    -0.16075289      0.09646733     -0.33354047     -0.2922099      -0.1238252       0.12663518     -0.1254424      -0.14909941     -0.027400363     0.23474643     -0.03489242    
 -0.18542401     -0.22867738     -0.19093236      0.06342449     -0.10782957      0.23212585     -0.22682233     -0.11047453      0.46628147     -0.113175675    -0.023940403     0.18372716      0.13997127     -0.04559171     -0.030662999    -0.054879796    -0.20051669     -0.15340385     -0.08176845      0.10531494     -0.07733646     -0.20105362     -0.058004975     0.045820538     0.05663176     -0.051121026     0.06065032     -0.16564432      0.29918963      0.14142509    
  0.23840183      0.08406157      0.07802551     -0.1755308      -0.08943446      0.019870033    -0.12223304      0.113045916     0.1853818       0.0067971186    0.16220824     -0.09377941      0.12512764      0.11435249     -0.16376257      0.087068155    -0.26666012     -0.0935594       0.035053357    -0.07047905      0.021147627    -0.03552454      0.08079224      0.10766083      0.04818668     -0.34070152      0.042985406     0.07701846      0.034652222     0.15724714    
  0.00088362437   0.10436196      0.087806426     0.014410522    -0.18876196      0.19734646     -0.04380454     -0.10772471     -0.018042136     0.071385115     0.13273065     -0.010064279    -0.1552388       0.14013463     -0.16482486      0.11437406     -0.3195613      -0.033236474    -0.07909935      0.05045729      0.008555648    -0.059154935     0.056809682    -0.08084433      0.14012732      0.006717947     0.09286003      0.041885473     0.20040368     -0.09792112    
  0.08707907      0.21060494      0.050304074     0.18197629      0.20190968      0.13056459     -0.03627767      0.08369848      0.06823643      0.14996172      0.083747104     0.22270517     -0.0037679009    0.09399994      0.026891619     0.034133013    -0.15530199     -0.17624708      0.072483815    -0.08405876      0.0044078697    0.052332852    -0.157793        0.009746305     0.0062594535   -0.014615615     0.17884496     -0.029790353     0.2270649       0.04740037    
 -0.15829363     -0.11628384      0.034572676    -0.06628236     -0.062322523     0.09242455     -0.16069694     -0.15079872      0.111707985    -0.14851423      0.15099314     -0.068499245    -0.0012042432   -0.23346546     -0.055690452    -0.22058111     -0.105322905    -0.12963916     -0.12711735      0.098735586    -0.002452414    -0.04314743      0.054349452    -0.13401763      0.0063593984   -0.0378375      -0.05407287     -0.034059595    -0.06454976     -0.07275534    
 -0.13882528      0.07364055      0.02632543     -0.05710198     -0.046332028    -0.089530975    -0.1523778      -0.14701165     -0.24769852     -0.06835886     -0.13739063     -0.062343333    -0.10728872     -0.018933672    -0.075106286     0.06704224     -0.09466742     -0.009168352    -0.045142725    -0.06272797      0.06360769      0.1495739       0.03416318      0.05970737     -0.004340735     0.17106344      0.09003636      0.016119093     0.14235125      0.105616316   
  0.11048969      0.1314865       0.08867384      0.0758121       0.058012426    -0.075412124    -0.00046039984   0.1486784      -0.041534223     0.100033045     0.09040996      0.0553913       0.04533772      0.07087084     -0.089315735     0.08752294      0.013666997    -0.025766976     0.03776631     -0.17416382     -0.108592816    -0.22724874     -0.010059562    -0.026957758    -0.05088253     -0.051523663    -0.047696877    -0.07631045     -0.03807582     -0.041591447   
 -0.12576857      0.15060987     -0.0015257385    0.11334626     -0.062358335    -0.042389456    -0.060781103    -0.09779056      0.09440344     -0.1554595      -0.032357737    -0.057463266    -0.05558837     -0.09346442     -0.0021884285    0.08297565      0.048152085    -0.053777646    -0.011842331     0.055724237     0.020446653    -0.086039364     0.051747        0.059359744    -0.08051577     -0.03496615     -0.023057114    -0.023053315    -0.1197128      -0.0052716653  
  0.078165434    -0.013034305     0.025908764     0.016344003    -0.009738005     0.022860788    -0.019433185    -0.09017063      0.12258819      0.006487271    -0.15206012      0.08401888     -0.009103403     0.06475564     -0.097292446    -0.123372465     0.025237719     0.024144234    -0.10328111     -0.5548143       0.000116511044  0.0126556065    0.057821136     0.12070083      0.17214398      0.16068481     -0.045421954     0.12333081     -0.023686584     0.04409947    
  0.17025957      0.25967503      0.14658713      0.12251421      0.040438887     0.060801182    -0.08222637      0.1858751      -0.18961379     -0.033639256     0.09715334      0.055195134    -0.05158078     -0.035618827    -0.17689645      0.17569044      0.052180924    -0.007156718     0.052846305    -0.047554497     0.10987277      0.02701412      0.14803758     -0.08673417     -0.06354324     -0.10817497      0.009056681     0.03459812     -0.12395108     -0.07128202    
 -0.03411822      0.15984976     -0.03513052     -0.027171489     0.11224018     -0.081504        0.30442107     -0.09131086     -0.08249129     -0.0984586      -0.08893006     -0.067033045    -0.03489299     -0.0029827429    0.018803425     0.012107966    -0.06387511     -0.06898137     -0.047039464    -0.14159736     -0.02929052     -0.2338996      -0.14749204      0.11981511     -0.099659234    -0.06704245     -0.19368179     -0.068034224    -0.26919425      0.03559903    
  0.0072585447   -0.06302138      0.010350952     0.13868749     -0.103922784     0.055009127    -0.22373442      0.035657875    -0.05251493     -0.1174306       0.2526316      -0.10453136     -0.0002920712    0.018651124    -0.0011448304    0.04535766      0.16860239     -0.003617622    -0.0008460702    0.002851642    -0.02790844      0.1031102       0.12207071     -0.10684273     -0.088595375     0.14821169      0.08260174      0.13149735     -0.04325974      0.011015124   
  0.035164863    -0.015819868     0.058249157     0.05175942      0.15989931      0.122133605    -0.042074177     0.12966603     -0.085681856     0.097507134    -0.030703843     0.06192484      0.031179179     0.09424825      0.02155073      0.07903167     -0.048542976    -0.048257515     0.011955116    -0.088435486    -0.0048361393   -0.13288966      0.021809572     0.041086353    -0.18928094     -0.06677236     -0.13543633      0.09754895     -0.19397415     -0.09437296    

-0.79273516 -0.74456394 -1.3120906  -1.3633199  -1.1371146   0.2489422  -1.0919253   0.5249076  -0.39852342 -0.98787737  0.8032179  -1.2316678  -1.3150115  -1.8075665  -0.89595896 -0.20091847 -0.79620755  0.32085747 -1.5322934  -0.4121248  -2.078418    0.8468023  -1.6092447  -1.144295    0.33687195  0.4966204   0.7589613  -0.4190627  -0.57313246 -1.565684  

-0.46802136    -0.7395918      0.00053035264  0.36569297    -0.14150211     0.6330098     -0.86579794    -0.991534       0.94328946    -0.59798974     0.10695946    -0.045380015    0.37081027     0.27929458    -0.35180992     0.5441601      0.31039548     0.81889296     0.24717817    -0.47137076    -0.8415184      0.13875957     0.113486856   -0.14508587    -1.5237981      0.13046163     0.046717264    0.14675428     0.0534762      0.65504396    -0.043643028   -0.1480153     -0.39791933    -0.5996834    
  0.4763463      0.5581607      0.1723764     -0.6363086     -0.33198458     0.13902438     0.052644316   -0.566612       0.33251634     0.094150245    0.16823497     0.21713398    -0.32908472     0.04482386     0.30196354     0.10683872    -0.1562244      0.25189784    -0.42517182    -0.66483986    -1.1764101     -0.36208487    -0.24070185     0.08165287    -2.4032204      0.26965338     0.45569485    -0.3016152      0.11129528     0.9899391     -0.5327745      0.0027615153  -0.5009038     -0.20861958   
 -0.8865026     -1.5317314      0.69106454     0.25846827    -0.022649162    0.7601458     -0.99217594    -0.836539      -0.278134      -0.13247174     0.13047354     0.57096374     0.37118003     0.29250994     0.45199752    -0.118761025   -0.1169111     -0.5036217     -0.18234852     0.6072713     -0.44193968     0.18898669    -0.55244285     0.24561013    -1.2648171      0.09898838    -0.17964824    -0.7091049      0.064192615    0.18805201    -0.24552481     0.44675353    -0.42169014     0.48983675   
 -2.4355445      0.52080834     0.09829581     0.42563003    -0.64548147     0.08325708    -0.10955529     1.0629756     -1.0425718      0.518243       0.13374001    -0.937007      -0.73216665     1.0952764      0.12348289    -0.86718494     0.39474344    -2.0943031     -0.2978632     -0.35152745     0.5999706      0.36942625    -0.6207242      0.6565698      0.5168656      0.38303068    -1.5217527      0.4309677     -0.088369384   -2.424856      -0.12960215     0.032852028   -0.14936724    -1.9156188    
  0.5414531      0.52666485    -0.28536943    -0.056078184   -0.4881378     -0.94405323     0.6795185      0.024862885   -0.08271612     0.470326      -0.13693234    -0.6269863      0.4137084     -0.19232352    -1.0426724      0.5248396     -0.3474848      0.80469066    -0.30097395     0.07275953     0.8298569      0.18610716    -0.8400115      0.19250809     0.7133135      0.27485725    -0.6545577      0.58169043     0.24151796    -1.8444498     -0.13017772    -0.92345065    -0.66218495     0.5978092    
 -0.16110177    -0.31796023     0.07851853    -0.81435025    -0.19734648     0.0031118677  -0.094879344   -0.5194679      0.4396245      0.63747853    -0.25556475     0.6672932     -0.44428122    -0.3976285      0.18644539     0.29624957    -0.3026346     -0.40293026    -0.025219316   -0.28947964    -1.6805546     -1.4416403      0.32018873    -0.2287704      0.15979467    -0.915836       0.40772095    -0.19798477    -0.16710283    -0.000611242    0.34267548     0.071301706   -0.042769115    0.057285883  
  0.033464774   -0.30269557    -0.14179917    -0.29802468     0.45295846    -0.27890265    -0.2155413     -0.4932956     -0.25806913    -0.4196991      0.4592546      0.9306819     -0.27315548     0.3442315     -0.68547267     0.14188993    -0.18341266    -0.5221219     -0.22848085     1.2083137     -0.7350171     -0.8514842     -0.05266002    -0.7720312      0.19845779     0.21105805    -0.5263209      0.0060248743   0.28320876     0.021371674    0.5312934     -0.6533304      0.28475136     0.16230959   
 -0.16451317     0.6986291     -0.06971585    -0.8877244     -1.5769426      0.059499707   -0.5460943     -0.10119501    -0.73986965    -0.16558026     0.4106193      0.38857484    -0.6236796     -0.28142372    -0.42970806     0.21444385    -0.48631364     1.1072402      0.29049277    -0.08454817    -0.062131643    0.8896186     -0.032711107   -0.55195904     0.20793757    -0.8342514     -0.33176342    -0.45821154     0.3554139     -0.6781955     -0.19555375     0.60611147    -0.102902465    0.14097899   
  0.1714039      0.789507       0.7713383      0.0029880004  -0.021388324    0.25843745    -0.043623384   -1.1399201     -0.32851538    -0.13180004    -0.21201655     0.06245218    -0.05960286     0.49122015     0.0050280057   0.105420694   -0.42731202     0.19709787    -0.3068164      0.7710161      0.2794408     -0.38383812     0.39197397    -0.7549825     -1.4200878     -0.32528025    -0.65002596    -0.27533278    -0.13362947     0.56340367    -0.5080417     -0.8603271     -0.5962433      0.01818204   
 -0.100684576    0.46909204    -1.3950088      0.045690347    0.011280805    0.4244576      0.7708366      0.62594044    -0.7161628      0.057433493   -0.17700244    -1.2790297      0.0753466     -0.00795356     0.83418745    -0.16560894     0.029800164   -1.5893292     -0.240583      -0.75842404    -0.23945355    -0.39234155    -0.73505014     0.4785406     -0.18881397     0.16679758     0.99996656    -0.17983304     0.19530272    -1.6309019     -1.6575466      0.7545827      0.53113914    -0.49088058   
  0.004636121   -0.21845922    -0.22017679     0.15433303     0.50603503     0.10303464     0.33051646     0.1891539     -0.3222922      0.13537613    -0.10051436    -0.96108687     0.062224694    0.48922998    -0.4466256     -0.12672451     0.44887885    -2.213038       0.15354756    -0.04325941     0.7278868      0.72289866    -0.115803555    0.22053869     0.57129973     0.8744395     -0.52277964     0.41335556     0.27526957    -0.68276143     0.09406234    -0.8518906     -0.31650537     0.108818956  
 -0.54019696    -0.4390442     -0.6074184      0.1398425     -0.906981      -1.2612557     -0.14951932     0.46391773     1.0991354     -0.7188017      0.5536462      0.95509744    -0.920417      -0.51344573     0.3948181      0.3246105      0.10934674    -1.1771746     -0.6408125      0.912652      -2.1556258     -3.0211458     -0.6114074      0.32379195    -0.58200336    -0.686485       0.080404244   -0.85644287    -0.8880331      0.17878725     0.3206948      0.5851178      1.4870168      0.32218373   
  1.0225673      0.8686719     -1.9232522      0.6149873      0.11942182    -1.7275327      0.18190952     0.16603372    -0.31884915    -0.34902814     0.42052025     0.5951777     -1.3489751     -1.3287721     -0.77991176    -0.5910641     -0.51212347     0.34838697    -0.31646803    -1.2630253      0.83935094    -0.99580824     0.6088011     -1.5471443      0.41476727     0.17662296     0.07057602     0.34604868     0.22551261     1.0812984      0.5687007      0.04352097     0.21539398    -0.45729488   
  0.065905966   -1.0269294      0.78577983    -0.25765738    -0.13103321    -0.6569933     -0.05269786     0.4373137      0.40747035    -1.2286468      0.06037909    -0.50162405     0.25667566     0.165264      -0.72222906     0.07160732     0.29443938    -0.8479245      0.11310096     0.4599982     -0.099632815    0.30116895     0.76335967    -0.06622455    -4.822832       0.2793011      1.1263993     -1.1397266     -0.481866       0.8991419      0.19796585    -0.6185431     -1.4519763     -1.139403     
 -0.08957975    -0.21098907     0.9651395     -1.3150682     -0.95768243     0.53940374    -0.16608708     0.7049206     -1.3654921      0.29041052     0.5246228     -0.3288506     -0.5772831      0.7051568     -0.3516267      0.007088041    0.032433923   -0.16382705    -1.7479889     -0.4343577     -0.4733059      0.07403651    -1.4449599      0.7428937     -0.13602091     0.39280796    -1.154827       0.17449607     0.47062054    -1.1556628      0.2658296      0.41192815    -2.049094      -0.07525535   
  0.10017129    -0.13349847     0.025816945    0.112907976   -0.5468966      0.25881538    -0.6591576     -0.010523823   -0.28925607     0.58254623    -0.37734336     0.36893746     0.6448196     -0.061367754    0.49309912    -0.13280004    -0.07563756     0.034390867   -0.3970409     -0.08810246     0.14923644    -1.4223015     -0.26815346     0.0076354165   0.12299677    -1.1682354      0.51578444     0.21084951    -0.28459638     0.08001677     0.1787218      0.5276376      0.47338486    -0.86428446   
 -0.0042373915   0.4791778      0.27687117    -1.1172572      0.32326007     0.0475645      0.45457694    -0.11804627    -0.18157329    -0.21434762    -0.43878913     0.366955      -0.22857413    -0.51295966     0.3920538     -0.37328717    -0.55801976    -0.69137275    -0.6924436     -0.14895208    -0.8940214     -1.3310865      0.51669514    -0.16237192    -1.2350718     -0.74665296     0.97111833    -0.26262897    -0.19842356     0.77122414    -0.32453707     0.5475237     -0.31459042    -0.7996211    
 -0.6585945     -0.40042195     0.9015397     -1.7365887     -0.3495663     -0.36173412     0.05714559     0.7148491      0.67328304    -0.011924502    0.038807843   -0.090932876   -0.19931054     0.0018703185  -0.045598663    0.73671705     0.13577229    -1.5289047      0.21843827     0.20257354    -1.6086528     -0.71226776    -0.13698372    -0.17398182    -0.7794578     -1.4917312      0.24272229    -0.19354866    -0.17586479    -0.7404389      0.084858015   -0.10824454    -0.11669657     0.9173704    
  0.43590766    -2.1872795     -0.1127264     -0.086724184    0.10295505    -0.8674532      0.14099364     1.9265249      0.33036694    -1.2944065     -0.35730574    -0.2501712      0.52370685    -2.8460026     -0.3508066     -0.305513       0.45757195    -1.9314923      0.96105796    -0.01781797    -1.4998676      0.452588       0.9151451     -1.833636      -0.22847174    -0.90687287    -0.07447368     0.9259961     -1.3140434     -0.059598237    1.0187382     -5.2676606      1.1096703      0.41111597   
  0.109492734    0.124200545    0.53034794     0.14728563     0.12630075     0.261142       0.0066184187  -0.86486435     0.2748708     -0.21028617    -0.059460666    0.3394272     -0.037147556   -0.08782458     0.26278672     0.08902928    -0.25001207     0.46759957     0.06800185     0.24221033    -0.7356874     -0.16743252     0.8952458     -0.17355536    -1.348288      -0.40092772     0.09155479    -0.11305947    -0.1251776      0.89875543    -0.22986779    -0.16244173    -0.23049098    -0.104847185  
  1.0917506      0.13868831    -0.7870783      0.29828602     1.2825001     -0.748411       0.491452       0.382332       0.6628874     -0.49767938    -1.1871488     -1.459377      -0.3498269     -0.30557254    -2.2103648     -2.6693223      0.9976827     -1.5179231      0.07792828     0.37335148     0.8295423     -0.23596036    -3.428336      -0.22838984    -0.71839243     0.9471772      0.12938592     0.7171881     -0.08586675    -0.7153239      0.896071      -1.4572022      0.35232615     1.0758442    
  0.56505203     0.8125491     -0.24888761     0.27623284    -0.43097764    -0.26499513     0.4162156      0.078027435   -0.60149217     0.43054682     0.19410053    -0.22713213    -0.045259368    0.22948855     0.22683924     0.018833688   -0.04349184    -0.35541865    -0.435945      -0.05692756     0.6361274     -0.20748983    -0.7552524      0.23508498     0.33989608     0.32746038    -0.6124177     -0.0042109676   0.1761404     -0.9171029     -0.07727216    -0.04590692    -0.04523764     0.064271174  
  0.50201744    -0.46546108    -0.37954766     0.56877244    -0.41793957    -0.27411407    -0.11852763    -0.18208796    -1.5761222      0.069080465    0.28504306    -0.3364222     -0.3217272      0.2482545     -1.1686845     -0.46072558     0.17495641     0.14553037     0.07563074     0.229405       0.88373536     0.2369135     -1.3901099     -0.26163498     0.6774939      1.3019338     -1.384468      -0.4709187     -0.69427913    -1.1349016      0.15452155    -0.43776855    -0.12850222     0.28281352   
 -0.33290872    -3.2434824      0.70127994    -0.034646455    1.237725      -1.2078531      1.0404985      0.0007567543  -0.10222733     0.26777905    -0.6332712     -1.2703807     -0.6595388     -0.32584617    -1.061672      -0.230063       0.9594879     -2.0344074      0.77824676     0.23252597    -0.026362566    0.5460521      0.6008567      0.026869152    0.5358963      0.10197263    -0.77648324    -0.033504773    0.6483931     -2.377146       0.60968727    -2.7210743     -0.1775254      0.5886207    
  0.34801418    -0.80596834    -0.99297756    -0.2580498      0.55061674    -0.25220513     0.056932703   -0.8109876      0.63851595    -0.045621198   -0.66373026     0.16367121     0.4420321     -0.91844934    -0.13130735    -0.078316145    0.0052234638  -1.5594842      0.23363        0.3804884     -0.121256895   -0.80471796    -0.09217919     0.4209182     -0.22635113     0.36936167     0.5082648     -0.38920265    -0.24584894     0.24943466    -0.26130432    -0.282245       1.139972       0.311185     
  0.50675315     0.3014534     -0.094908535    0.42991564     0.47114602    -0.3106811     -0.3558113     -0.9734309      0.21851413    -0.029054776   -0.004994343    0.3589617      0.14823064    -0.029372914   -1.0000086      0.10179056     0.05583648     0.58893126     0.3250525      0.32483983     0.5890675      0.21786536     0.636348      -0.763267       0.38868386     0.2157304     -0.6631545      0.32493883     0.116429515    0.5788917      0.3703646     -1.0729775     -0.2805098      0.3419872    
 -0.7216234     -0.3504256     -0.30387127     0.41567022    -0.2976925     -0.040007096   -0.4459207      1.0847837      0.77930063    -0.0080049075   0.11225589    -0.2204574     -0.26812568     0.2507483     -0.16770953    -0.03996169     0.2933934      0.3376534      0.113850825   -0.33259895    -0.5918674     -0.20413719     0.05572        0.26246917     0.18211298    -0.32771078    -0.30438486     0.4773009     -0.42974907    -0.48318684     0.8173572      0.4467884      0.6624546     -0.43738222   
 -0.65557736    -1.1105212     -0.822122       0.48444402     1.4283923      0.86832964    -0.35852918    -3.152185       0.29115564     0.33413512    -0.85411626     0.37213036     0.5277932     -0.8439085      1.0958431      0.18003307    -1.3890282     -0.46989083     0.19586737     0.43165368    -0.5144367     -0.3474174      0.8845816      0.29799044     0.90394354     0.21223888    -0.4357761     -0.578077       0.39162746     0.33516046    -0.71966887    -0.43359324     0.55907476     0.09392371   
 -0.25205174    -0.4290139     -0.17207335    -0.04981963    -0.82437664     0.2522862     -0.88673097    -0.0063089444  -0.46138024    -0.0815298      0.5289704      0.09811346     0.32546812     0.06555333     0.18788716     0.2313263     -0.29632246     0.3251946      0.51490414    -0.53231204     0.27088508     0.90981954     0.24605487    -0.51779634     0.1369728     -0.6406779      0.7609972      0.1383824      0.25039455     0.028104978   -0.34053403     0.59364367    -0.12314542    -0.8247137    
 -0.6286033     -0.28076848     0.28432935    -0.6668219     -0.9424646     -0.9405076     -0.44097012     0.5207716     -0.12610756    -0.11236864     0.03659237    -0.6350256      0.6013326      0.4786414      0.7400238     -0.12451468     0.26038143    -0.6367024      0.090464376   -2.289864      -0.29133743     0.22247478    -1.6305535     -0.14259276     0.13996115    -1.2622607      0.5851007      0.57748955    -1.4053932      0.67643017    -0.3282488     -0.0886364     -1.162104       0.6205018    

 0.25477654  0.16173738 -0.21075164  0.5727042   0.1730538   0.45538613  0.5615435   0.62001914 -0.50225246 -0.46175212 -0.31456795  0.04615291 -0.3260731  -0.9910267   0.4932039  -0.27748698  0.38254887  1.3858013  -0.78861153  0.32371846  0.85495    -0.0637689  -0.8976326   0.24441789 -0.38990346  0.18202795 -0.16230176 -0.30555716  0.23497954  0.81414807 -0.19165947  0.45257276 -0.95028794 -0.14017436
